74 45
3900 3900 3900 3900 3900 3900 3900 3900 3900 3900 3900 3900 3900 3900 3900 3900 3900 3900 3900 3900 3900 3900 3900 3900 3900 3900 3900 3900 3900 3900 3900 3900 3900 3900 3900 3900 3900 3900 3900 3900 3900 3900 3900 3900 3900 3900 3900 3900 3900 3900 3900 3900 3900 3900 3900 3900 3900 3900 3900 3900 3900 3900 3900 3900 3900 3900 3900 3900 3900 3900 3900 3900 3900 3900 
3900 3900 3900 3900 3900 3900 3900 3900 3900 3900 3900 3900 3900 3900 3900 3900 3900 3900 3900 3900 3900 3900 3900 3900 3900 3900 3900 3900 3900 7800 3900 3900 3900 3900 3900 3900 3900 3900 3900 3900 3900 3900 3900 3900 3900 3900 3900 3900 3900 3900 3900 3900 3900 3900 3900 3991 4187 5487 5210 5356 5193 5248 5096 5211 5263 5170 5161 5176 5165 5008 5026 5017 5016 5016 
3900 3900 3900 3900 3900 3900 3900 3900 3900 3900 3991 4187 5487 5210 5356 5193 5248 5096 5211 5263 5170 5161 5176 5165 5008 5026 5017 5016 5016 5016 5016 5016 5016 5029 5047 5589 5398 4389 3955 3900 3900 3900 3900 3900 3900 3900 3900 3900 3900 3900 3900 3900 3900 3900 3900 3900 3900 7800 7800 3900 3900 3900 3900 3900 3900 3900 3900 3900 3900 3900 3900 3900 3900 3900 
3900 3900 3900 3900 3900 3900 3900 3900 3900 3900 3900 3900 7800 7800 3900 3900 3900 3900 3900 3900 3900 3900 3900 3900 3900 3900 3900 3900 3900 3900 3900 3900 3900 3900 3926 4251 4411 5121 5374 5672 6203 5675 5509 5512 5411 5357 5350 5346 5681 5673 5660 5667 5416 5224 5225 5230 5227 5225 5227 5225 5227 5228 5231 5220 5502 5609 5813 5735 4643 3900 3900 3900 3900 3900 
5357 5350 5346 5681 5673 5660 5667 5416 5224 5225 5230 5227 5225 5227 5225 5227 5228 5231 5220 5502 5609 5813 5735 4643 3900 3900 3900 3900 3900 3900 3900 3900 3900 3900 3900 3900 3900 3900 3900 3900 3900 7800 7800 3900 3900 3900 3900 3900 3900 3900 3900 3900 3900 3900 3900 3900 3900 3900 3900 3900 3952 4162 5160 5744 5557 5795 5616 6138 5876 5956 5738 5700 5558 5421 
3900 3900 3900 3900 3900 3900 3900 3900 3900 3900 3900 3900 3900 3900 3900 3952 4162 5160 5744 5557 5795 5616 6138 5876 5956 5738 5700 5558 5421 5419 5361 5363 5378 5687 5682 5440 5236 5227 5227 5229 5230 5230 5230 5230 5229 5231 5225 5223 5260 5595 5915 5371 6197 6021 4112 3900 3900 3900 3900 3900 3900 3900 3900 3900 3900 3900 3900 3900 3900 3900 7800 7800 3900 3900 
5231 5225 5223 5260 5595 5915 5371 6197 6021 4112 3900 3900 3900 3900 3900 3900 3900 3900 3900 3900 3900 3900 3900 3900 3900 7800 7800 3900 3900 3900 3900 3900 3900 3900 3900 3900 3900 3900 3900 3900 3900 3900 3903 4435 5661 5855 5663 5859 5831 5743 5808 5764 6032 5880 5811 5579 5424 5420 5362 5361 5361 5363 5378 5440 5236 5227 5227 5227 5227 5232 5230 5230 5229 5229 
5855 5663 5859 5831 5743 5808 5764 6032 5880 5811 5579 5424 5420 5362 5361 5361 5363 5378 5440 5236 5227 5227 5227 5227 5232 5230 5230 5229 5229 5225 5223 5223 5224 5262 5376 5471 5670 5321 6557 4374 3900 3900 3900 3900 3900 3900 3900 3900 3900 3900 3900 3900 3900 3900 7800 7800 3900 3900 3900 3900 3900 3900 3900 3900 3900 3900 3900 3900 3900 3900 4093 5861 6599 5135 
3900 3900 3900 3900 3900 3900 3900 3900 3900 7800 7800 3900 3900 3900 3900 3900 3900 3900 3900 3900 3900 3900 3900 3900 3900 4093 5861 6599 5135 6102 5809 5823 5816 5799 5748 5770 5767 5822 5743 5541 5424 5368 5362 5361 5361 5361 5363 5236 5227 5227 5227 5227 5229 5230 5238 5258 5232 5229 5223 5223 5223 5223 5224 5262 5377 5342 5518 4935 6377 4440 3900 3900 3900 3900 
5361 5363 5236 5227 5227 5227 5227 5229 5230 5238 5258 5232 5229 5223 5223 5223 5223 5224 5262 5377 5342 5518 4935 6377 4440 3900 3900 3900 3900 3900 3900 3900 3900 3900 3900 3900 3900 3900 7800 7800 3900 3900 3900 3900 3900 3900 3900 3900 3900 3900 3900 3900 3900 4394 6840 5375 5512 5403 5154 5812 5809 5801 5749 5750 5761 6081 6510 6018 5902 6136 5617 5369 5361 5361 
3900 3900 3900 3900 3900 3900 3900 3900 4394 6840 5375 5512 5403 5154 5812 5809 5801 5749 5750 5761 6081 6510 6018 5902 6136 5617 5369 5361 5361 5361 5236 5227 5227 5227 5227 5227 5232 5558 5849 5694 5845 5611 5230 5224 5223 5223 5223 5224 5262 5343 4941 5059 5004 6376 5086 3904 3900 3900 3900 3900 3900 3900 3900 3900 3900 3900 3900 7800 7800 3900 3900 3900 3900 3900 
5223 5223 5224 5262 5343 4941 5059 5004 6376 5086 3904 3900 3900 3900 3900 3900 3900 3900 3900 3900 3900 3900 7800 7800 3900 3900 3900 3900 3900 3900 3900 3900 3900 3900 3900 3900 4224 6680 4873 5780 5502 5163 5155 5154 5801 5749 5749 5758 6423 6821 7147 7434 7410 6712 6488 5880 5367 5361 5236 5227 5227 5227 5227 5227 5230 6161 6195 6522 6808 6621 6142 6216 5227 5225 
5749 5749 5758 6423 6821 7147 7434 7410 6712 6488 5880 5367 5361 5236 5227 5227 5227 5227 5227 5230 6161 6195 6522 6808 6621 6142 6216 5227 5225 5223 5223 5223 5224 4941 4942 4946 5106 5457 6023 5707 3905 3900 3900 3900 3900 3900 3900 3900 3900 3900 3900 7800 7800 3900 3900 3900 3900 3900 3900 3900 3900 3900 3900 3900 3957 6471 5170 5199 4909 5165 5155 5154 5154 5154 
3900 3900 3900 3900 3900 3900 7800 7800 3900 3900 3900 3900 3900 3900 3900 3900 3900 3900 3900 3957 6471 5170 5199 4909 5165 5155 5154 5154 5154 5749 5752 6091 6821 9689 9802 7992 7609 9680 8924 6488 5609 5241 5227 5227 5227 5227 5227 5231 5963 5950 9807 8870 7915 8726 9786 5868 5956 5229 5224 5223 5223 4941 4941 4941 4942 4947 5152 5732 5870 4906 3900 3900 3900 3900 
5227 5227 5231 5963 5950 9807 8870 7915 8726 9786 5868 5956 5229 5224 5223 5223 4941 4941 4941 4942 4947 5152 5732 5870 4906 3900 3900 3900 3900 3900 3900 3900 3900 3900 3900 7800 7800 3900 3900 3900 3900 3900 3900 3900 3900 3900 3900 4476 6600 5315 5434 4913 4911 4909 5154 5154 5154 5154 5154 5764 6564 7363 9792 7992 8339 7815 7609 9680 6752 6100 5245 5231 5227 5227 
3900 3900 4476 6600 5315 5434 4913 4911 4909 5154 5154 5154 5154 5154 5764 6564 7363 9792 7992 8339 7815 7609 9680 6752 6100 5245 5231 5227 5227 5227 5228 5362 6208 8589 7806 7915 8406 7945 7502 8725 6297 5388 5229 5224 4941 4941 4941 4941 4941 4942 4950 5187 5459 6235 4063 3900 3900 3900 3900 3900 3900 3900 3900 3900 7800 7800 3900 3900 3900 3900 3900 3900 3900 3900 
4941 4941 4941 4941 4942 4950 5187 5459 6235 4063 3900 3900 3900 3900 3900 3900 3900 3900 3900 7800 7800 3900 3900 3900 3900 3900 3900 3900 3900 3900 5401 6561 5203 5570 4919 4911 4909 4909 4909 5154 5154 5154 5156 5313 6276 8547 7994 8722 9720 10289 7815 7505 7951 5742 5369 5231 5227 5227 5227 5230 5705 6184 9112 7858 8465 9892 8860 7502 9244 6231 5853 5228 4941 4941 
8547 7994 8722 9720 10289 7815 7505 7951 5742 5369 5231 5227 5227 5227 5230 5705 6184 9112 7858 8465 9892 8860 7502 9244 6231 5853 5228 4941 4941 4941 4941 4941 4941 4942 4942 4951 5334 5345 5839 3900 3900 3900 3900 3900 3900 3900 3900 3900 7800 7800 3900 3900 3900 3900 3900 3900 3900 3900 5699 6378 5420 5425 4925 4911 4909 4909 4909 4909 4909 5154 5154 5157 5389 5734 
3900 3900 3900 7800 7800 3900 3900 3900 3900 3900 3900 3900 3900 5699 6378 5420 5425 4925 4911 4909 4909 4909 4909 4909 5154 5154 5157 5389 5734 7932 8373 9693 11402 9556 9455 8018 7305 5761 5397 5231 5227 5227 5227 5230 5788 6623 8136 8008 9808 9072 9482 8375 8182 6765 5800 4945 4941 4941 4941 4941 4941 4941 4941 4943 4942 4961 5632 5975 5039 3900 3900 3900 3900 3900 
6623 8136 8008 9808 9072 9482 8375 8182 6765 5800 4945 4941 4941 4941 4941 4941 4941 4941 4943 4942 4961 5632 5975 5039 3900 3900 3900 3900 3900 3900 3900 3900 7800 7800 3900 3900 3900 3900 3900 3900 3900 4751 6547 5637 5560 4928 4913 4909 4909 4909 4909 4909 4909 4909 5154 5155 5223 6136 7494 9271 8373 11311 11405 8079 8894 7388 6170 5295 5232 5227 5227 5227 5230 5802 
4928 4913 4909 4909 4909 4909 4909 4909 4909 5154 5155 5223 6136 7494 9271 8373 11311 11405 8079 8894 7388 6170 5295 5232 5227 5227 5227 5230 5802 6636 9489 8045 8189 11022 9262 8200 9515 6681 5556 4944 4941 4941 4941 4941 4941 4941 4941 4941 4942 4942 5040 5375 6572 4377 3900 3900 3900 3900 3900 3900 3900 7800 7800 3900 3900 3900 3900 3900 3900 3909 6407 5638 5738 4933 
4941 4941 4941 4942 4942 5040 5375 6572 4377 3900 3900 3900 3900 3900 3900 3900 7800 7800 3900 3900 3900 3900 3900 3900 3909 6407 5638 5738 4933 4914 4909 4909 4909 4909 4909 4909 4909 4909 4909 5154 5157 5892 6978 11394 8962 8381 8098 8663 11288 6948 5984 5242 5227 5227 5227 5227 5228 5387 6824 9435 9528 8045 8203 8200 9301 9696 6481 5145 4946 4941 4941 4941 4941 4941 
8381 8098 8663 11288 6948 5984 5242 5227 5227 5227 5227 5228 5387 6824 9435 9528 8045 8203 8200 9301 9696 6481 5145 4946 4941 4941 4941 4941 4941 4941 4941 4941 4941 4942 4944 5293 5392 5605 3900 3900 3900 3900 3900 3900 3900 7800 7800 3900 3900 3900 3900 3900 3900 5011 5615 5880 4937 4915 4910 4909 4909 4909 4909 4909 4909 4909 4909 4909 4909 5155 5199 7190 7771 11668 
7800 7800 3900 3900 3900 3900 3900 3900 5011 5615 5880 4937 4915 4910 4909 4909 4909 4909 4909 4909 4909 4909 4909 4909 5155 5199 7190 7771 11668 10447 10400 11430 7676 7301 5267 5229 5227 5227 5227 5227 5227 5232 6153 7446 11753 10385 9125 10289 12050 7073 5978 4951 4941 4941 4941 4941 4941 4941 4941 4941 4941 4941 4941 4943 4992 5846 6099 4133 3900 3900 3900 3900 3900 3900 
10385 9125 10289 12050 7073 5978 4951 4941 4941 4941 4941 4941 4941 4941 4941 4941 4941 4941 4943 4992 5846 6099 4133 3900 3900 3900 3900 3900 3900 7800 7800 3900 3900 3900 3900 3900 3900 4845 6159 5016 4916 4910 4909 4910 4909 4909 4909 4909 4909 4909 4909 4909 4909 4910 5159 5239 8165 8613 11239 11208 8628 8297 5298 5234 5227 5227 5227 5227 5227 5227 5231 5236 7225 8311 
4909 4909 4909 4909 4909 4909 4909 4909 4910 5159 5239 8165 8613 11239 11208 8628 8297 5298 5234 5227 5227 5227 5227 5227 5227 5231 5236 7225 8311 10260 10309 10305 8002 7110 4957 4943 4941 4941 4941 4941 4941 4941 4941 4941 4941 4941 4941 4941 4947 5226 5518 5354 3900 3900 3900 3900 3900 3900 7800 7800 3900 3900 3900 3900 3900 3900 4463 6086 5198 4999 4944 4951 4955 4959 
4941 4941 4941 4947 5226 5518 5354 3900 3900 3900 3900 3900 3900 7800 7800 3900 3900 3900 3900 3900 3900 4463 6086 5198 4999 4944 4951 4955 4959 4955 4921 4929 4910 4909 4909 4909 4909 4909 4912 5162 5255 8459 9231 9203 8653 5304 5238 5227 5227 5228 5228 5227 5227 5227 5229 5233 5243 7640 8956 10662 8702 7667 4963 4944 4941 4941 4941 4941 4941 4941 4941 4941 4941 4941 
5304 5238 5227 5227 5228 5228 5227 5227 5227 5229 5233 5243 7640 8956 10662 8702 7667 4963 4944 4941 4941 4941 4941 4941 4941 4941 4941 4941 4941 4941 4941 4941 4943 5039 6296 5255 3900 3900 3900 3900 3900 3900 7800 7800 3900 3900 3900 3900 3900 3900 4184 5340 6116 5804 5175 5350 5524 5485 5491 5246 5194 5072 5018 4930 4910 4910 4910 4910 4913 5164 5262 8467 8661 5310 
3900 3900 3900 3900 3900 4184 5340 6116 5804 5175 5350 5524 5485 5491 5246 5194 5072 5018 4930 4910 4910 4910 4910 4913 5164 5262 8467 8661 5310 5239 5228 5228 5229 5260 5290 5284 5283 5284 5280 5286 5260 5248 7643 8752 7693 4971 4947 4942 4942 4942 4942 4943 4943 4942 4941 4942 4982 4991 4989 4989 4973 5024 5173 6171 4869 3900 3900 3900 3900 3900 3900 7800 7800 3900 
4971 4947 4942 4942 4942 4942 4943 4943 4942 4941 4942 4982 4991 4989 4989 4973 5024 5173 6171 4869 3900 3900 3900 3900 3900 3900 7800 7800 3900 3900 3900 3900 3900 3904 6144 4276 6790 7112 5844 6268 6311 6350 6162 6014 5968 6081 5803 5258 5046 5021 5018 5032 5029 5028 5279 5388 5424 5360 5339 5333 5339 5385 5716 5807 5790 5797 5788 5798 5810 5519 5378 5361 7773 5106 
6081 5803 5258 5046 5021 5018 5032 5029 5028 5279 5388 5424 5360 5339 5333 5339 5385 5716 5807 5790 5797 5788 5798 5810 5519 5378 5361 7773 5106 5059 5063 5059 5057 5055 5063 5069 5065 5026 5003 5067 5438 5501 5513 5511 5194 5633 5864 5565 4587 3900 3900 3900 3900 3900 3900 7800 7800 3900 3900 3900 3900 3900 4932 4819 5867 4302 5869 6833 6093 6543 6168 6015 6042 6060 
5633 5864 5565 4587 3900 3900 3900 3900 3900 3900 7800 7800 3900 3900 3900 3900 3900 4932 4819 5867 4302 5869 6833 6093 6543 6168 6015 6042 6060 6087 6200 6248 5798 5776 5776 5771 5777 5779 5774 6033 6109 6090 6079 6084 6087 6172 6443 6583 6650 6648 6640 6637 6493 6438 6134 6107 5857 5805 5813 5805 5808 5801 5808 5802 5820 5816 5765 5773 6123 6504 6301 6384 6516 5419 
6172 6443 6583 6650 6648 6640 6637 6493 6438 6134 6107 5857 5805 5813 5805 5808 5801 5808 5802 5820 5816 5765 5773 6123 6504 6301 6384 6516 5419 7210 6406 5031 6230 3951 3900 3900 3900 3900 3900 7800 7800 3900 3900 3900 3900 3900 5112 4965 4845 4308 4317 6335 6197 6561 6029 6016 6015 6042 6063 6101 5905 6094 6082 6072 6076 6070 6073 6078 6079 6336 6374 6465 6485 6480 
3900 5112 4965 4845 4308 4317 6335 6197 6561 6029 6016 6015 6042 6063 6101 5905 6094 6082 6072 6076 6070 6073 6078 6079 6336 6374 6465 6485 6480 6525 6228 6458 6603 6659 6656 6512 6450 6349 6464 6148 6105 6106 6110 6106 6106 6102 6103 6101 6101 6065 6278 6351 6441 6145 6304 6377 5670 5825 5547 5041 6582 4475 5367 3900 3900 3900 3900 3900 7800 7800 3900 3900 3900 3900 
6102 6103 6101 6101 6065 6278 6351 6441 6145 6304 6377 5670 5825 5547 5041 6582 4475 5367 3900 3900 3900 3900 3900 7800 7800 3900 3900 3900 3900 4161 5439 5658 4537 4310 4313 4913 6243 7350 6651 6465 6070 6035 6062 5906 5908 5905 6072 6072 6070 6074 6074 6076 6081 6083 6342 7077 7387 7373 7096 7037 7077 7234 7382 7294 7234 7129 7284 6326 6106 6109 6109 6109 6109 6105 
5905 6072 6072 6070 6074 6074 6076 6081 6083 6342 7077 7387 7373 7096 7037 7077 7234 7382 7294 7234 7129 7284 6326 6106 6109 6109 6109 6109 6105 6105 6105 6104 6070 6069 6070 6282 6148 6146 6152 5816 6187 5893 5221 5042 4950 5173 5464 3900 3900 3900 3900 3900 7800 7800 3900 3900 3900 3900 5440 4286 5442 4320 4310 4319 4787 5580 6405 6517 6421 7301 6790 6787 6884 6608 
5173 5464 3900 3900 3900 3900 3900 7800 7800 3900 3900 3900 3900 5440 4286 5442 4320 4310 4319 4787 5580 6405 6517 6421 7301 6790 6787 6884 6608 6239 6302 6269 6151 6088 6079 6074 6076 6088 6679 7314 7090 7097 7037 7038 7038 7078 7234 7234 7129 7131 6595 7019 6229 6107 6109 6109 6105 6106 6106 6109 6079 6081 6083 6071 6241 6241 6495 6327 7253 6008 6135 5049 4950 4990 
7078 7234 7234 7129 7131 6595 7019 6229 6107 6109 6109 6105 6106 6106 6109 6079 6081 6083 6071 6241 6241 6495 6327 7253 6008 6135 5049 4950 4990 5979 5117 4627 3900 3900 3900 3900 7800 7800 3900 3900 3900 4411 5457 5401 4630 4312 4310 4334 5318 5689 7138 7552 7917 7316 7161 7454 7045 7154 6921 6746 6311 7231 6951 6575 6099 6083 6079 6097 7385 8015 7934 7931 7926 7941 
4312 4310 4334 5318 5689 7138 7552 7917 7316 7161 7454 7045 7154 6921 6746 6311 7231 6951 6575 6099 6083 6079 6097 7385 8015 7934 7931 7926 7941 7855 7898 7950 7952 7347 7449 6376 6109 6108 6115 6108 6140 6237 6211 6451 6949 6968 6960 7323 6338 6324 6476 6418 6103 7055 5880 4967 4950 4960 5648 4759 5999 3900 3900 3900 3900 7800 7800 3900 3900 3900 4871 4662 5627 4327 
6968 6960 7323 6338 6324 6476 6418 6103 7055 5880 4967 4950 4960 5648 4759 5999 3900 3900 3900 3900 7800 7800 3900 3900 3900 4871 4662 5627 4327 4311 4316 4777 4920 6846 5689 7553 8949 7451 7333 7118 7373 6972 6976 7509 6452 7255 7621 6651 6987 6852 6515 6520 6675 7972 8560 8622 8509 8080 8100 8098 8141 7583 7349 6379 6162 6112 6265 6561 7027 6338 6884 7002 7353 7205 
7255 7621 6651 6987 6852 6515 6520 6675 7972 8560 8622 8509 8080 8100 8098 8141 7583 7349 6379 6162 6112 6265 6561 7027 6338 6884 7002 7353 7205 8097 7565 7379 7029 6654 7160 7154 7392 7320 5937 5098 4952 4953 4874 6248 4956 4930 3900 3900 3900 7800 7800 3900 3900 4014 6505 4729 5261 4330 4323 4394 5491 4899 6615 5689 6928 8729 7344 7256 7385 6991 7148 8504 7484 8178 
4930 3900 3900 3900 7800 7800 3900 3900 4014 6505 4729 5261 4330 4323 4394 5491 4899 6615 5689 6928 8729 7344 7256 7385 6991 7148 8504 7484 8178 6988 7776 7698 7823 6590 6600 6568 6573 6731 8025 8554 8229 8196 8117 8134 7617 7621 7044 6683 6295 6737 6714 7413 7147 6369 6810 7308 7126 7478 7303 7489 7425 7939 7087 6824 7154 7154 7223 5303 5553 4961 4874 4885 5427 4980 
7621 7044 6683 6295 6737 6714 7413 7147 6369 6810 7308 7126 7478 7303 7489 7425 7939 7087 6824 7154 7154 7223 5303 5553 4961 4874 4885 5427 4980 5027 3901 3900 3900 7800 7800 3900 4081 6546 5293 5450 6025 4472 4856 5579 5748 4925 7716 6170 7129 7701 7344 7266 7114 7173 7867 9331 9634 8013 7124 9156 8281 7079 7754 7364 7392 7396 7397 7617 9003 9145 8551 8548 8048 8052 
4925 7716 6170 7129 7701 7344 7266 7114 7173 7867 9331 9634 8013 7124 9156 8281 7079 7754 7364 7392 7396 7397 7617 9003 9145 8551 8548 8048 8052 7839 7000 6446 6502 6365 7140 7138 7032 7396 8075 7875 7221 7222 7524 7548 7470 8533 7832 6824 6824 7154 6578 5374 6233 4950 4881 4883 5338 5252 5851 4428 3900 3900 7800 7800 4058 5637 5285 5515 5408 5102 5462 5598 5218 5042 
8533 7832 6824 6824 7154 6578 5374 6233 4950 4881 4883 5338 5252 5851 4428 3900 3900 7800 7800 4058 5637 5285 5515 5408 5102 5462 5598 5218 5042 5129 5610 8062 6967 7645 7347 7183 7177 7387 8524 8410 8887 7156 7954 8492 7080 7079 7079 7364 7364 7392 7396 7397 7617 8566 8654 8139 8139 7928 7144 7287 7257 6749 7328 7351 8784 7051 8392 8672 9570 7805 7340 7443 7492 7562 
